
   1.000000e+032    1.000000e+032 
   1.000000e+032    1.000000e+032 
   1.000000e+032    1.000000e+032 
   1.000000e+032    1.000000e+032 
   1.000000e+032    1.000000e+032 
   1.000000e+032    1.000000e+032 
   1.000000e+032    1.000000e+032 
   1.000000e+032    1.000000e+032 
   1.000000e+032    1.000000e+032 
   1.000000e+032    1.000000e+032 
   1.000000e+032    1.000000e+032 
   1.000000e+032    1.000000e+032 
   1.000000e+032    1.000000e+032 
   1.000000e+032    1.000000e+032 
   1.000000e+032    1.000000e+032 
   1.000000e+032    1.000000e+032 
   1.000000e+032    1.000000e+032 
   1.000000e+032    1.000000e+032 
   1.000000e+032    1.000000e+032 
   1.000000e+032    1.000000e+032 
   1.000000e+032    1.000000e+032 
   1.000000e+032    1.000000e+032 
   1.000000e+032    1.000000e+032 
   1.000000e+032    1.000000e+032 
   1.000000e+032    1.000000e+032 
   1.000000e+032    1.000000e+032 
   1.000000e+032    1.000000e+032 
   1.000000e+032    1.000000e+032 
   1.000000e+032    1.000000e+032 
   1.000000e+032    1.000000e+032 
   1.000000e+032    1.000000e+032 
   1.000000e+032    1.000000e+032 
   1.000000e+032    1.000000e+032 
   1.000000e+032    1.000000e+032 
   1.000000e+032    1.000000e+032 
   1.000000e+032    1.000000e+032 
   1.000000e+032    1.000000e+032 
   1.000000e+032    1.000000e+032 
   1.000000e+032    1.000000e+032 
   1.000000e+032    1.000000e+032 
   1.000000e+032    1.000000e+032 
   1.000000e+032    1.000000e+032 
   1.000000e+032    1.000000e+032 
   1.000000e+032    1.000000e+032 
   1.000000e+032    1.000000e+032 
   1.000000e+032    1.000000e+032 
   1.000000e+032    1.000000e+032 
   1.000000e+032    1.000000e+032 
   1.000000e+032    1.000000e+032 
   1.000000e+032    1.000000e+032 
   1.000000e+032    1.000000e+032 
   1.000000e+032    1.000000e+032 
   1.000000e+032    1.000000e+032 
   1.000000e+032    1.000000e+032 
   1.000000e+032    1.000000e+032 
   1.000000e+032    1.000000e+032 
   1.000000e+032    1.000000e+032 
   1.000000e+032    1.000000e+032 
   1.000000e+032    1.000000e+032 
   1.000000e+032    1.000000e+032 
   1.000000e+032    1.000000e+032 
   1.000000e+032    1.000000e+032 
   1.000000e+032    1.000000e+032 
   1.000000e+032    1.000000e+032 
   1.000000e+032    1.000000e+032 
   1.000000e+032    1.000000e+032 
   1.000000e+032    1.000000e+032 
   1.000000e+032    1.000000e+032 
   1.000000e+032    1.000000e+032 
   1.000000e+032    1.000000e+032 
   1.000000e+032    1.000000e+032 
   1.000000e+032    1.000000e+032 
   1.000000e+032    1.000000e+032 
   1.000000e+032    1.000000e+032 
   1.000000e+032    1.000000e+032 
   1.000000e+032    1.000000e+032 
   1.000000e+032    1.000000e+032 
   1.000000e+032    1.000000e+032 
   1.000000e+032    1.000000e+032 
   1.000000e+032    1.000000e+032 
   1.000000e+032    1.000000e+032 
   1.000000e+032    1.000000e+032 
   1.000000e+032    1.000000e+032 
   1.000000e+032    1.000000e+032 
   1.000000e+032    1.000000e+032 
   1.000000e+032    1.000000e+032 
   1.000000e+032    1.000000e+032 
   1.000000e+032    1.000000e+032 
   1.000000e+032    1.000000e+032 
   1.000000e+032    1.000000e+032 
   1.000000e+032    1.000000e+032 
   1.000000e+032    1.000000e+032 
   1.000000e+032    1.000000e+032 
   1.000000e+032    1.000000e+032 
   1.000000e+032    1.000000e+032 
   1.000000e+032    1.000000e+032 
   1.000000e+032    1.000000e+032 
   1.000000e+032    1.000000e+032 
   1.000000e+032    1.000000e+032 
   1.000000e+032    1.000000e+032 
   1.000000e+032    1.000000e+032 
   1.000000e+032    1.000000e+032 
   1.000000e+032    1.000000e+032 
   1.000000e+032    1.000000e+032 
   1.000000e+032    1.000000e+032 
   1.000000e+032    1.000000e+032 
   1.000000e+032    1.000000e+032 
   1.000000e+032    1.000000e+032 
   1.000000e+032    1.000000e+032 
   1.000000e+032    1.000000e+032 
   1.000000e+032    1.000000e+032 
   1.000000e+032    1.000000e+032 
   1.000000e+032    1.000000e+032 
   1.000000e+032    1.000000e+032 
   1.000000e+032    1.000000e+032 
   1.000000e+032    1.000000e+032 
   1.000000e+032    1.000000e+032 
   1.000000e+032    1.000000e+032 
   1.000000e+032    1.000000e+032 
   1.000000e+032    1.000000e+032 
   1.000000e+032    1.000000e+032 
   1.000000e+032    1.000000e+032 
   1.000000e+032    1.000000e+032 
   1.000000e+032    1.000000e+032 
   1.000000e+032    1.000000e+032 
   1.000000e+032    1.000000e+032 
   1.000000e+032    1.000000e+032 
   1.000000e+032    1.000000e+032 
   1.000000e+032    1.000000e+032 
   1.000000e+032    1.000000e+032 
   1.000000e+032    1.000000e+032 
   1.000000e+032    1.000000e+032 
   1.000000e+032    1.000000e+032 
   1.000000e+032    1.000000e+032 
   1.000000e+032    1.000000e+032 
   1.000000e+032    1.000000e+032 
       0.2521766        0.5798134 
       0.3282828        -2.207841 
       -1.236453        0.4420697 
        1.339151        -1.476345 
       0.2590570        -1.402402 
      -0.7860533        0.7593908 
       0.6635735        0.2840049 
        1.296709       -0.8824290 
       -2.408030        -1.149639 
      -0.1530548         1.941568 
      -0.6315705        0.7671378 
       -1.972771       -0.4037393 
        1.941577        -2.105249 
        1.259954        0.6127362 
        1.147882       -0.1168749 
      -0.2925552        0.9310365 
       0.9215833       -0.3155961 
      -0.3649434        -1.276138 
       -1.374758         1.330059 
       0.3012939        0.1545870 
       0.8460272         1.730320 
      -0.2399112       -0.3052541 
       -1.406999        0.2271406 
       0.2296506         1.429933 
        1.405973        0.3927102 
       -2.770313       -0.4565826 
       -1.302659      -0.01639872 
      -0.9866642       -0.1574258 
      -0.7019722         1.468262 
        1.752809        0.8742483 
       0.8470370        0.2133750 
       0.3205377        0.1755460 
       -1.288820         1.791075 
      -0.5300772       -0.8921470 
      -0.2662033        0.2138456 
      -0.5322348        -1.750072 
      -0.6154034        -1.252165 
       0.2144437       -0.8963091 
      -0.2134197        0.2207905 
       0.4182142        0.4629548 
       0.8529103        0.3125172 
        1.016025       0.09538502 
      -0.3697027       -0.2352742 
    -0.009683349        0.6856688 
      -0.8387892       -0.3711488 
       -1.838535       -0.2354030 
      -0.3130380       -0.4360871 
      -0.3065706        -1.623615 
     -0.01697383         1.520451 
      -0.8594367        -1.051999 
       0.2892246        0.8371996 
     -0.01236381        -1.757035 
      0.09443258      -0.04728640 
       0.5924009        0.7824470 
      -0.2071919        0.7174943 
       0.2360400        0.7257379 
       0.8318490        0.3224955 
       -1.496490         1.789766 
       0.5729903       -0.4709659 
       0.7770893        -1.053008 
        1.098168       -0.2526895 
       0.1063175        0.7315566 
        1.152788        0.6920121 
       0.8960151        0.9577883 
      -0.7571308         1.164310 
      -0.2271890       -0.5796257 
       0.4095096       -0.9454906 
       0.1390899        0.7995519 
      -0.6108067       0.01389486 
       -1.342848        -1.422105 
     -0.06095022       0.03308385 
       0.8133629        -1.397351 
        1.957197        0.2056067 
       0.5681360        0.2136984 
       0.2380840       -0.6724717 
       -1.595911        -1.289198 
