
   1.000000e+032    1.000000e+032 
   1.000000e+032    1.000000e+032 
   1.000000e+032    1.000000e+032 
   1.000000e+032    1.000000e+032 
   1.000000e+032    1.000000e+032 
   1.000000e+032    1.000000e+032 
   1.000000e+032    1.000000e+032 
   1.000000e+032    1.000000e+032 
   1.000000e+032    1.000000e+032 
   1.000000e+032    1.000000e+032 
   1.000000e+032    1.000000e+032 
   1.000000e+032    1.000000e+032 
   1.000000e+032    1.000000e+032 
   1.000000e+032    1.000000e+032 
   1.000000e+032    1.000000e+032 
   1.000000e+032    1.000000e+032 
   1.000000e+032    1.000000e+032 
   1.000000e+032    1.000000e+032 
   1.000000e+032    1.000000e+032 
   1.000000e+032    1.000000e+032 
   1.000000e+032    1.000000e+032 
   1.000000e+032    1.000000e+032 
   1.000000e+032    1.000000e+032 
   1.000000e+032    1.000000e+032 
   1.000000e+032    1.000000e+032 
   1.000000e+032    1.000000e+032 
   1.000000e+032    1.000000e+032 
   1.000000e+032    1.000000e+032 
   1.000000e+032    1.000000e+032 
   1.000000e+032    1.000000e+032 
   1.000000e+032    1.000000e+032 
   1.000000e+032    1.000000e+032 
   1.000000e+032    1.000000e+032 
   1.000000e+032    1.000000e+032 
   1.000000e+032    1.000000e+032 
   1.000000e+032    1.000000e+032 
   1.000000e+032    1.000000e+032 
   1.000000e+032    1.000000e+032 
   1.000000e+032    1.000000e+032 
   1.000000e+032    1.000000e+032 
   1.000000e+032    1.000000e+032 
   1.000000e+032    1.000000e+032 
   1.000000e+032    1.000000e+032 
   1.000000e+032    1.000000e+032 
   1.000000e+032    1.000000e+032 
       0.8900302       -0.2976081 
       0.1211844      -0.05365771 
       0.4471094        0.2033234 
       0.6774776        0.2574201 
      -0.5600545        0.2822234 
       0.2139928       0.08972144 
      -0.1115256      -0.02150526 
      -0.1671825        -4.845630 
        1.046734         3.610904 
      -0.2363551         2.755622 
       0.8066512       -0.5081936 
        1.290213       0.01103483 
      -0.7427437        -1.031750 
       0.1393532        0.6309305 
      -0.5029156       -0.1622889 
        1.810914        -1.445150 
      -0.5799560         1.602680 
       0.7793874        0.5796091 
        1.057969        0.1160143 
       0.5665996        -1.116955 
      -0.3410438        0.2948028 
      -0.5780874        0.1099504 
      -0.1382928        -1.367080 
      -0.6337066         1.164776 
     -0.06793477       -0.3594024 
      -0.1145705       -0.4021462 
      -0.3285149       -0.3565666 
       0.6800091         2.660298 
       0.7831315       -0.7460912 
     -0.06069944       -0.4545273 
       0.1644090        -1.272212 
       0.1399988        -1.828803 
      -0.5565695         1.787139 
      0.09700671     -0.007598337 
      0.06624892      -0.09595591 
      -0.3455643         2.869416 
      -0.1041023       0.04116379 
      -0.2393976        0.6789105 
       -1.970827        0.5084079 
       0.4681043       -0.5401893 
       0.4778631         1.308620 
       0.7768725         1.049803 
      -0.2956395       -0.2744172 
       0.3368462        0.7159418 
        1.853248        -1.334718 
       -1.360800       -0.7882613 
        1.831494        0.6954711 
        2.009458         1.244049 
       -1.386226       -0.8066697 
       -1.350303       -0.2997958 
       0.5971181        0.1694818 
       -1.686334        0.3342442 
       0.8860278        0.8425994 
       -1.394100      -0.02815053 
      -0.7675813        -3.189264 
      -0.8738182       -0.8462275 
       0.7900104       -0.2539647 
        1.045155       0.04751773 
     -0.06275540        0.6371512 
        1.315112        0.9324714 
      -0.4458072        0.2245690 
      -0.4163956       -0.1609026 
     -0.03570469        0.1521333 
       0.3423133        0.1504954 
      0.01189675      -0.06859538 
       0.3048260      -0.07849813 
     -0.02463680       -0.6347009 
      0.03024254         1.030371 
        1.856510        0.2982589 
       -1.084356       -0.6838918 
       0.1747972        0.5292576 
      -0.5506424       -0.3642595 
       0.9335875        0.9766849 
      -0.8828206       -0.4724490 
     -0.05357386       -0.1619940 
      -0.5886565        0.2693278 
       -2.190338        -1.042843 
       0.4208122       -0.1445112 
        1.063120        -1.068074 
        1.048961       -0.4800202 
       -1.213312        0.1984470 
       0.4375365        0.5932435 
       -1.873439        0.9709054 
       -1.509660        0.9347221 
       0.1868658         1.201393 
       -1.598598        -1.035527 
      -0.7183361        0.5572058 
        1.228547       -0.2269264 
        1.097042        -1.039554 
       0.2383868        -1.010426 
       0.5956195       -0.8082785 
       0.7068241       -0.2636075 
       0.1400913        -1.536141 
      -0.2191626       0.07697222 
       0.6168186        -1.058935 
       0.3674480       -0.9455041 
     -0.07999264       0.06732114 
       0.5296219       -0.1201765 
       0.2060374       -0.1414938 
      -0.5801441       -0.8489016 
       0.1242954        0.6426276 
      -0.1436695        0.3850472 
      -0.7779604       -0.7755933 
       0.4499850        -1.235468 
       0.4884625        0.9303921 
       0.6234390      0.005617534 
       0.8505044        0.8374952 
      0.08017743        0.3593665 
       0.2497515       -0.1325809 
      -0.2993113         1.011702 
       0.3402031        0.4640453 
       0.1627921         1.575177 
      -0.6608724        0.4007508 
      -0.1990626        0.2316551 
      -0.3276772         1.414496 
       0.5490738        0.8693311 
       -1.065033       -0.6748388 
       -1.028653      -0.09310573 
       -1.091586       -0.2945949 
      -0.9716260        0.5169414 
      0.01206470        0.4485525 
      -0.4957914        0.1505984 
      0.01619919        0.2009795 
      -0.1329901        0.7261834 
      -0.4199722       -0.9479346 
      -0.1115163       -0.1282180 
       0.1818054        -1.678586 
      -0.6436152        -1.647579 
      0.09419017        -1.077059 
     -0.02518069       -0.7362805 
       0.6335985       -0.4030123 
       0.2151925       -0.1684080 
       0.5555893        0.1871053 
       0.1404145       -0.2353905 
       0.1616524        0.8648426 
      -0.3339102       -0.4533565 
      -0.6488135       -0.1034301 
      0.07928869       -0.3382768 
     -0.09294284        -1.338119 
      -0.4154129        0.6305715 
       0.3108255        -1.324232 
      -0.6281173       0.09406761 
       0.3064466        -1.130850 
       0.2495324       -0.2360381 
      -0.2375707        0.4267220 
       0.2934216     -0.006123421 
      -0.1345875        0.8433890 
       0.7236939        0.6626682 
      -0.7902397         1.097704 
       0.3358291        0.1034667 
       0.8042890       -0.2665208 
      0.05086092        0.2213722 
    -0.007242306        0.7501210 
       0.9187482        0.9545662 
       0.6315850         1.019074 
      -0.3385876        0.8914233 
       0.4003322        0.3802704 
      -0.2300010      -0.07316088 
      -0.2277605         1.211124 
      -0.4969299        0.3128679 
      -0.9821258       -0.7677950 
      -0.4199945       0.09120995 
       0.3305051        -1.023297 
       0.7009927        0.1980666 
     0.001347964       0.06153413 
       0.6212790       -0.2307006 
      -0.4777528        -1.250244 
