
   1.000000e+032    1.000000e+032 
   1.000000e+032    1.000000e+032 
   1.000000e+032    1.000000e+032 
   1.000000e+032    1.000000e+032 
   1.000000e+032    1.000000e+032 
   1.000000e+032    1.000000e+032 
   1.000000e+032    1.000000e+032 
   1.000000e+032    1.000000e+032 
   1.000000e+032    1.000000e+032 
   1.000000e+032    1.000000e+032 
   1.000000e+032    1.000000e+032 
   1.000000e+032    1.000000e+032 
   1.000000e+032    1.000000e+032 
   1.000000e+032    1.000000e+032 
   1.000000e+032    1.000000e+032 
   1.000000e+032    1.000000e+032 
   1.000000e+032    1.000000e+032 
   1.000000e+032    1.000000e+032 
   1.000000e+032    1.000000e+032 
   1.000000e+032    1.000000e+032 
   1.000000e+032    1.000000e+032 
   1.000000e+032    1.000000e+032 
   1.000000e+032    1.000000e+032 
   1.000000e+032    1.000000e+032 
   1.000000e+032    1.000000e+032 
   1.000000e+032    1.000000e+032 
   1.000000e+032    1.000000e+032 
   1.000000e+032    1.000000e+032 
   1.000000e+032    1.000000e+032 
   1.000000e+032    1.000000e+032 
   1.000000e+032    1.000000e+032 
   1.000000e+032    1.000000e+032 
   1.000000e+032    1.000000e+032 
   1.000000e+032    1.000000e+032 
   1.000000e+032    1.000000e+032 
   1.000000e+032    1.000000e+032 
   1.000000e+032    1.000000e+032 
   1.000000e+032    1.000000e+032 
   1.000000e+032    1.000000e+032 
   1.000000e+032    1.000000e+032 
   1.000000e+032    1.000000e+032 
   1.000000e+032    1.000000e+032 
   1.000000e+032    1.000000e+032 
   1.000000e+032    1.000000e+032 
   1.000000e+032    1.000000e+032 
       0.3105209       -0.5074405 
      0.03966306        0.1827992 
       0.3927217        0.3097128 
       0.3264335        0.5749343 
      -0.4615138        0.3799274 
       0.2523102        0.1227327 
      0.04004579      -0.02645089 
      -0.2839355        -4.047698 
       0.9854312         2.672054 
     -0.08280652         2.172774 
       0.8136470       -0.1394315 
        1.305400        0.5976584 
      -0.6259272       -0.3539494 
      -0.1365963        0.6896869 
      -0.3663559       -0.2083411 
        1.402888        -1.329387 
      -0.6740500         1.095364 
       0.6578098        0.4267989 
       0.6544044        0.2228595 
       0.5464189       -0.8119090 
      -0.1039585        0.3499158 
      -0.4033110        0.4019844 
      -0.4185059        -1.247810 
      -0.8033150         1.146230 
    -0.003788190       -0.3719700 
       0.2279688       -0.2082916 
      -0.4311304       -0.3737613 
      -0.1170878         2.322756 
        1.279471       -0.3766558 
     -0.03068798       -0.2261370 
       0.9729601        -1.193515 
      -0.3298442        -1.416368 
      -0.1613623         1.313966 
       0.2766604       -0.1295633 
       0.4824323      -0.01059151 
      -0.4997544         2.856453 
       0.1632909        0.4868591 
      -0.3124914        0.5008185 
       -1.743466        0.6309901 
      -0.1405548       -0.2930954 
      0.08498842         1.041058 
       0.7744911         1.109199 
      -0.1027165      -0.01885185 
       0.4355005        0.7447366 
        1.313144        -1.024261 
       -1.008993       -0.7404463 
        1.531714        0.4320851 
        1.873322         1.230969 
       -1.065535       -0.5159429 
      -0.9040778       -0.1220835 
       0.5564133        0.2186975 
       -1.744133        0.5515968 
       0.9500906        0.6934765 
      -0.7799385       -0.1272072 
      -0.6473372        -2.743457 
      -0.8269129        -1.067613 
       0.6572850       -0.7742888 
       0.5325111       -0.3773906 
      -0.1572136      -0.04897887 
        1.003815        0.5830629 
      -0.2139119        0.1270357 
      -0.1692623        0.1061316 
       0.1565349        0.2691975 
       0.2876535      -0.02320499 
      -0.3079538        0.3397363 
      -0.1400751       0.01306738 
       0.3993293       -0.6056320 
       0.1232069        0.7189114 
        1.066494        0.4607050 
      -0.8434921       -0.7486491 
       0.2165923        0.5695557 
      -0.4471111       -0.2350402 
        1.306377         1.035688 
      -0.7281876       -0.4145770 
     -0.08302781       0.04641518 
      -0.4765996       0.07007216 
       -1.600664       -0.9231376 
       0.3148234       -0.1379243 
       0.5624521        -1.155150 
       0.5795257       -0.7323138 
      -0.9166694       -0.1416961 
       0.3873121        0.3973395 
       -1.560253        0.6338729 
       -1.039022        0.9006160 
      -0.1952218         1.240162 
       -1.596513       -0.8718812 
      -0.8407080        0.4586441 
       0.8642976       -0.3315752 
       0.6545204        -1.089058 
       0.2273106        -1.084780 
       0.6413346       -0.9386525 
   1.000000e+032    1.000000e+032 
   1.000000e+032    1.000000e+032 
   1.000000e+032    1.000000e+032 
   1.000000e+032    1.000000e+032 
   1.000000e+032    1.000000e+032 
   1.000000e+032    1.000000e+032 
   1.000000e+032    1.000000e+032 
   1.000000e+032    1.000000e+032 
   1.000000e+032    1.000000e+032 
   1.000000e+032    1.000000e+032 
   1.000000e+032    1.000000e+032 
   1.000000e+032    1.000000e+032 
   1.000000e+032    1.000000e+032 
   1.000000e+032    1.000000e+032 
   1.000000e+032    1.000000e+032 
   1.000000e+032    1.000000e+032 
   1.000000e+032    1.000000e+032 
   1.000000e+032    1.000000e+032 
   1.000000e+032    1.000000e+032 
   1.000000e+032    1.000000e+032 
   1.000000e+032    1.000000e+032 
   1.000000e+032    1.000000e+032 
   1.000000e+032    1.000000e+032 
   1.000000e+032    1.000000e+032 
   1.000000e+032    1.000000e+032 
   1.000000e+032    1.000000e+032 
   1.000000e+032    1.000000e+032 
   1.000000e+032    1.000000e+032 
   1.000000e+032    1.000000e+032 
   1.000000e+032    1.000000e+032 
   1.000000e+032    1.000000e+032 
   1.000000e+032    1.000000e+032 
   1.000000e+032    1.000000e+032 
   1.000000e+032    1.000000e+032 
   1.000000e+032    1.000000e+032 
   1.000000e+032    1.000000e+032 
   1.000000e+032    1.000000e+032 
   1.000000e+032    1.000000e+032 
   1.000000e+032    1.000000e+032 
   1.000000e+032    1.000000e+032 
   1.000000e+032    1.000000e+032 
   1.000000e+032    1.000000e+032 
   1.000000e+032    1.000000e+032 
   1.000000e+032    1.000000e+032 
   1.000000e+032    1.000000e+032 
   1.000000e+032    1.000000e+032 
   1.000000e+032    1.000000e+032 
   1.000000e+032    1.000000e+032 
   1.000000e+032    1.000000e+032 
   1.000000e+032    1.000000e+032 
   1.000000e+032    1.000000e+032 
   1.000000e+032    1.000000e+032 
   1.000000e+032    1.000000e+032 
   1.000000e+032    1.000000e+032 
   1.000000e+032    1.000000e+032 
   1.000000e+032    1.000000e+032 
   1.000000e+032    1.000000e+032 
   1.000000e+032    1.000000e+032 
   1.000000e+032    1.000000e+032 
   1.000000e+032    1.000000e+032 
   1.000000e+032    1.000000e+032 
   1.000000e+032    1.000000e+032 
   1.000000e+032    1.000000e+032 
   1.000000e+032    1.000000e+032 
   1.000000e+032    1.000000e+032 
   1.000000e+032    1.000000e+032 
   1.000000e+032    1.000000e+032 
   1.000000e+032    1.000000e+032 
   1.000000e+032    1.000000e+032 
   1.000000e+032    1.000000e+032 
   1.000000e+032    1.000000e+032 
   1.000000e+032    1.000000e+032 
   1.000000e+032    1.000000e+032 
   1.000000e+032    1.000000e+032 
   1.000000e+032    1.000000e+032 
   1.000000e+032    1.000000e+032 
